1	1
2	2
3	3
4	4
5	3
6	3
6	5
6	6
6	4
7	2
7	7
8	3
9	8
10	9
10	10
10	11
10	3
10	12
10	4
10	13
11	14
12	15
12	9
12	16
12	17
12	18
12	19
12	20
12	21
12	22
13	23
13	2
13	24
13	25
13	5
13	7
14	17
15	17
15	26
15	27
16	3
17	3
18	5
19	28
20	29
20	30
21	3
22	12
22	7
22	31
23	10
24	17
24	5
25	9
26	5
27	32
27	33
27	34
27	35
27	36
27	37
27	38
27	39
27	40
27	41
27	42
27	43
27	44
27	45
27	46
27	47
27	48
27	49
27	50
27	2
27	51
27	52
27	53
27	54
27	55
27	56
27	57
27	58
27	59
27	60
27	61
27	62
27	63
27	64
27	65
27	66
27	67
27	68
27	69
27	70
27	71
27	72
27	73
27	74
27	75
27	76
27	77
27	78
27	79
27	80
27	81
27	82
27	83
27	84
27	85
27	86
27	87
27	88
27	89
27	90
27	91
27	92
27	93
27	94
27	95
27	96
27	97
27	98
27	99
27	100
27	101
27	102
27	103
27	104
27	105
27	106
27	107
27	108
27	109
27	110
27	111
27	112
27	113
27	114
27	115
27	116
27	117
27	118
27	119
27	120
27	121
27	122
27	123
28	9
28	29
28	30
28	3
28	12
28	4
29	124
29	14
30	125
30	126
30	127
30	128
30	129
30	130
30	131
30	132
30	133
30	134
30	135
30	136
30	137
30	138
30	139
30	140
30	141
30	142
30	143
30	144
30	145
30	146
30	147
30	148
30	149
30	150
30	151
30	152
30	153
30	154
30	155
30	156
30	157
30	158
30	159
30	160
30	161
30	162
30	163
30	164
30	165
30	166
30	167
30	168
30	169
30	170
30	171
30	172
30	173
30	174
30	175
30	176
30	177
30	178
30	179
30	180
30	181
30	182
30	183
30	184
30	185
30	186
30	187
30	188
30	189
30	190
30	191
30	192
30	193
30	194
30	195
30	196
30	197
30	198
30	199
30	200
30	201
30	202
30	203
30	204
30	205
30	206
30	207
30	208
30	209
30	9
30	210
30	211
30	212
30	213
30	214
30	215
30	216
30	217
30	218
30	219
30	220
30	221
30	222
30	223
30	224
30	225
30	226
30	227
30	228
30	229
30	230
30	231
30	232
30	233
30	234
30	235
30	236
30	237
30	238
30	239
30	240
30	241
30	242
30	243
30	244
30	245
30	246
30	247
30	248
30	249
30	250
30	251
30	252
30	253
30	254
30	255
30	256
30	257
30	258
30	259
30	260
30	261
30	262
30	263
30	264
30	265
30	266
30	267
30	268
30	269
30	270
30	271
30	272
30	273
30	274
30	275
30	276
30	277
30	278
30	279
30	280
30	281
30	282
30	283
30	284
30	285
30	286
30	287
30	288
30	289
30	290
30	291
30	292
30	293
30	294
30	295
30	296
30	297
30	298
30	299
30	300
30	301
30	302
30	303
30	304
30	305
30	306
30	307
30	308
30	309
30	310
30	311
30	312
30	313
30	314
30	315
30	316
30	317
30	318
30	319
30	320
30	321
30	322
30	323
30	324
30	325
30	326
30	327
30	328
30	329
30	330
30	331
30	332
30	333
30	334
30	335
30	336
30	337
30	338
30	339
30	340
30	341
30	342
30	343
30	344
30	345
30	346
30	347
30	348
30	349
30	350
30	351
30	352
30	353
30	354
30	355
30	356
30	357
30	358
30	359
30	360
30	361
30	362
30	363
30	364
30	365
30	366
30	367
30	368
30	369
30	370
30	371
30	372
30	373
30	374
30	23
30	375
30	376
30	377
30	378
30	379
30	380
30	381
30	382
30	383
30	384
30	385
30	386
30	387
30	388
30	389
30	390
30	391
30	392
30	393
30	394
30	395
30	396
30	397
30	398
30	399
30	400
30	401
30	402
30	403
30	404
30	405
30	406
30	407
30	408
30	409
30	410
30	411
30	412
30	413
30	414
30	415
30	416
30	417
30	418
30	419
30	420
30	421
30	422
30	423
30	424
30	425
30	426
30	427
30	428
30	429
30	430
30	431
30	432
30	433
30	434
30	435
30	436
30	437
30	438
30	439
30	440
30	441
30	442
30	443
30	444
30	445
30	446
30	447
30	448
30	449
30	450
30	451
30	452
30	453
30	454
30	455
30	456
30	457
30	458
30	17
30	459
30	460
30	461
30	462
30	463
30	464
30	465
30	466
30	467
30	468
30	469
30	470
30	471
30	472
30	473
30	474
30	475
30	476
30	477
30	478
30	479
30	480
30	481
30	482
30	2
30	483
30	484
30	485
30	486
30	487
30	488
30	489
30	490
30	491
30	492
30	493
30	494
30	495
30	496
30	497
30	498
30	499
30	500
30	501
30	502
30	503
30	504
30	505
30	506
30	507
30	508
30	509
30	510
30	511
30	512
30	513
30	514
30	515
30	516
30	517
30	518
30	519
30	520
30	521
30	522
30	523
30	524
30	525
30	526
30	527
30	528
30	529
30	530
30	531
30	532
30	533
30	534
30	535
30	536
30	537
30	538
30	539
30	540
30	541
30	542
30	543
30	544
30	545
30	546
30	547
30	548
30	549
30	550
30	551
30	552
30	553
30	554
30	555
30	556
30	557
30	558
30	559
30	560
30	561
30	562
30	563
30	564
30	565
30	566
30	567
30	568
30	569
30	570
30	571
30	572
30	573
30	574
30	575
30	576
30	577
30	578
30	579
30	580
30	581
30	582
30	583
30	584
30	585
30	586
30	587
30	588
30	589
30	590
30	591
30	592
30	593
30	594
30	595
30	596
30	597
30	598
30	599
30	600
30	601
30	602
30	603
30	604
30	605
30	606
30	607
30	26
30	608
30	609
30	610
30	611
30	612
30	613
30	614
30	615
30	616
30	617
30	618
30	18
30	619
30	620
30	621
30	622
30	623
30	624
30	625
30	626
30	627
30	628
30	629
30	630
30	631
30	632
30	633
30	634
30	635
30	636
30	637
30	638
30	639
30	640
30	641
30	642
30	643
30	644
30	645
30	646
30	647
30	648
30	649
30	650
30	651
30	652
30	653
30	654
30	655
30	656
30	657
30	658
30	659
30	660
30	661
30	662
30	663
30	664
30	665
30	666
30	667
30	668
30	669
30	670
30	671
30	672
30	673
30	674
30	675
30	676
30	677
30	678
30	679
30	680
30	681
30	682
30	683
30	684
30	685
30	686
30	687
30	688
30	689
30	690
30	691
30	692
30	693
30	694
30	695
30	696
30	697
30	698
30	699
30	700
30	701
30	702
30	703
30	704
30	705
30	706
30	707
30	708
30	709
30	710
30	711
30	712
30	713
30	714
30	715
30	716
30	717
30	718
30	719
30	720
30	721
30	722
30	723
30	724
30	725
30	726
30	727
30	728
30	729
30	730
30	731
30	732
30	733
30	734
30	735
30	736
30	737
30	738
30	739
30	3
30	740
30	741
30	742
30	743
30	744
30	745
30	746
30	747
30	748
30	749
30	750
30	751
30	752
30	753
30	754
30	755
30	756
30	757
30	758
30	759
30	760
30	761
30	762
30	763
30	764
30	765
30	766
30	767
30	768
30	769
30	770
30	771
30	772
30	773
30	774
30	775
30	776
30	777
30	778
30	779
30	780
30	781
30	782
30	783
30	784
30	785
30	786
30	787
30	788
30	789
30	790
30	791
30	792
30	793
30	794
30	795
30	796
30	19
30	797
30	798
30	799
30	800
30	801
30	802
30	803
30	804
30	805
30	806
30	807
30	808
30	809
30	810
30	811
30	812
30	813
30	814
30	815
30	816
30	817
30	818
30	819
30	820
30	821
30	822
30	823
30	824
30	825
30	826
30	827
30	828
30	829
30	830
30	831
30	832
30	833
30	834
30	835
30	836
30	837
30	838
30	839
30	840
30	841
30	842
30	843
30	844
30	845
30	846
30	847
30	848
30	849
30	850
30	851
30	852
30	853
30	854
30	855
30	856
30	857
30	858
30	859
30	860
30	861
30	862
30	863
30	864
30	865
30	866
30	867
30	868
30	869
30	870
30	871
30	872
30	873
30	874
30	875
30	876
30	877
30	878
30	879
30	880
30	881
30	882
30	883
30	884
30	885
30	886
30	887
30	888
30	889
30	890
30	891
30	892
30	893
30	894
30	895
30	896
30	897
30	898
30	899
30	900
30	901
30	902
30	903
30	904
30	905
30	906
30	907
30	908
30	909
30	910
30	911
30	912
30	913
30	914
30	915
30	916
30	917
30	918
30	919
30	920
30	921
30	922
30	923
30	924
30	925
30	926
30	927
30	928
30	929
30	25
30	930
30	931
30	932
30	933
30	934
30	935
30	936
30	937
30	938
30	939
30	940
30	941
30	942
30	943
30	944
30	945
30	946
30	947
30	948
30	949
30	950
30	951
30	952
30	953
30	954
30	955
30	956
30	957
30	958
30	959
30	960
30	961
30	962
30	963
30	964
30	965
30	966
30	967
30	968
30	969
30	970
30	971
30	972
30	973
30	974
30	975
30	976
30	977
30	978
30	979
30	980
30	981
30	982
30	983
30	984
30	985
30	986
30	987
30	988
30	989
30	990
30	991
30	992
30	993
30	994
30	995
30	996
30	997
30	998
30	999
30	1000
30	1001
30	1002
30	1003
30	1004
30	1005
30	1006
30	1007
30	1008
30	1009
30	1010
30	1011
30	1012
30	1013
30	1014
30	1015
30	1016
30	1017
30	1018
30	1019
30	1020
30	5
30	1021
30	1022
30	1023
30	1024
30	1025
30	1026
30	1027
30	1028
30	1029
30	1030
30	1031
30	1032
30	1033
30	1034
30	1035
30	1036
30	1037
30	1038
30	1039
30	1040
30	1041
30	1042
30	1043
30	1044
30	1045
30	1046
30	1047
30	1048
30	1049
30	1050
30	1051
30	1052
30	1053
30	1054
30	1055
30	1056
30	1057
30	1058
30	1059
30	1060
30	1061
30	1062
30	1063
30	1064
30	1065
30	1066
30	1067
30	1068
30	1069
30	1070
30	1071
30	1072
30	1073
30	1074
30	1075
30	1076
30	1077
30	1078
30	1079
30	1080
30	1081
30	1082
30	1083
30	1084
30	1085
30	1086
30	1087
30	1088
30	1089
30	1090
30	1091
30	1092
30	1093
30	1094
30	1095
30	1096
30	1097
30	1098
30	1099
30	1100
30	1101
30	1102
30	1103
30	1104
30	1105
30	1106
30	1107
30	1108
30	1109
30	1110
30	1111
30	1112
30	1113
30	1114
30	1115
30	1116
30	1117
30	1118
30	1119
30	1120
30	1121
30	1122
30	1123
30	1124
30	1125
30	1126
30	1127
30	1128
30	1129
30	1130
30	1131
30	1132
30	1133
30	1134
30	1135
30	1136
30	1137
30	1138
30	1139
30	1140
30	1141
30	1142
30	1143
30	1144
30	1145
30	1146
30	1147
30	1148
30	1149
30	1150
30	1151
30	1152
30	1153
30	1154
30	1155
30	1156
30	1157
30	1158
30	1159
30	1160
30	1161
30	1162
30	1163
30	1164
30	1165
30	1166
30	1167
30	1168
30	1169
30	1170
30	1171
30	1172
30	1173
30	1174
30	1175
30	1176
30	1177
30	1178
30	1179
30	1180
30	1181
30	1182
30	1183
30	1184
30	1185
30	1186
30	1187
30	1188
30	1189
30	1190
30	1191
30	1192
30	1193
30	1194
30	1195
30	1196
30	1197
30	1198
30	1199
30	1200
30	1201
30	1202
30	1203
30	1204
30	1205
30	1206
30	1207
30	1208
30	12
30	1209
30	1210
30	1211
30	1212
30	1213
30	1214
30	1215
30	1216
30	1217
30	1218
30	1219
30	1220
30	1221
30	1222
30	1223
30	1224
30	1225
30	1226
30	1227
30	1228
30	1229
30	1230
30	1231
30	1232
30	1233
30	1234
30	1235
30	1236
30	1237
30	1238
30	1239
30	1240
30	1241
30	1242
30	1243
30	1244
30	1245
30	1246
30	1247
30	1248
30	1249
30	1250
30	1251
30	1252
30	1253
30	1254
30	1255
30	1256
30	1257
30	1258
30	1259
30	1260
30	1261
30	1262
30	1263
30	1264
30	1265
30	1266
30	1267
30	1268
30	1269
30	1270
30	1271
30	1272
30	1273
30	1274
30	1275
30	1276
30	1277
30	1278
30	1279
30	1280
30	1281
30	1282
30	1283
30	1284
30	1285
30	1286
30	1287
30	1288
30	1289
30	1290
30	1291
30	1292
30	1293
30	1294
30	27
30	1295
30	1296
30	1297
30	1298
30	1299
30	1300
30	1301
30	1302
30	1303
30	1304
30	1305
30	1306
30	1307
30	1308
30	1309
30	1310
30	1311
30	1312
30	1313
30	1314
30	1315
30	1316
30	1317
30	1318
30	1319
30	1320
30	1321
30	1322
30	1323
30	1324
30	1325
30	1326
30	1327
30	1328
30	1329
30	1330
30	1331
30	1332
30	1333
30	1334
30	1335
30	1336
30	1337
30	1338
30	1339
30	1340
30	1341
30	1342
30	1343
30	1344
30	1345
30	1346
30	1347
30	1348
30	1349
30	1350
30	1351
30	1352
30	1353
30	1354
30	1355
30	1356
30	1357
30	1358
30	1359
30	1360
30	1361
30	1362
30	1363
30	1364
30	1365
30	1366
30	1367
30	1368
30	1369
30	1370
30	1371
30	1372
30	1373
30	1374
30	1375
30	1376
30	1377
30	1378
30	1379
30	1380
30	1381
30	1382
30	1383
30	1384
30	1385
30	1386
30	1387
30	1388
30	1389
30	1390
30	1391
30	1392
30	1393
30	1394
30	1395
30	1396
30	1397
30	1398
30	1399
30	1400
30	1401
30	1402
30	1403
30	1404
30	1405
30	1406
30	1407
30	1408
30	1409
30	1410
30	1411
30	1412
30	1413
30	1414
30	1415
30	1416
30	1417
30	1418
30	1419
30	1420
30	1421
30	1422
30	1423
30	1424
30	1425
30	1426
30	1427
30	1428
30	1429
30	1430
30	1431
30	1432
30	1433
30	1434
30	1435
30	1436
30	1437
30	1438
30	1439
30	1440
30	1441
30	1442
30	1443
30	1444
30	1445
30	1446
30	1447
30	1448
30	1449
30	1450
30	1451
30	1452
30	1453
30	1454
30	1455
30	1456
30	1457
30	1458
30	1459
30	1460
30	1461
30	1462
30	1463
30	1464
30	1465
30	1466
30	1467
30	1468
30	1469
30	1470
30	1471
30	1472
30	1473
30	1474
30	1475
30	1476
30	1477
30	1478
30	1479
30	1480
30	1481
30	1482
30	1483
30	1484
30	1485
30	1486
30	1487
30	1488
30	1489
30	1490
30	1491
30	1492
30	1493
30	1494
30	1495
30	1496
30	1497
30	1498
30	1499
30	1500
30	1501
30	1502
30	1503
30	1504
30	1505
30	1506
30	1507
30	1508
30	1509
30	1510
30	1511
30	1512
30	1513
30	1514
30	1515
30	1516
30	1517
30	1518
30	1519
30	1520
30	1521
30	1522
30	1523
30	1524
30	1525
30	1526
30	1527
30	1528
30	1529
30	1530
30	1531
30	1532
30	1533
30	1534
30	1535
30	1536
30	1537
30	1538
30	1539
30	1540
30	1541
30	1542
30	1543
30	1544
30	1545
30	1546
30	1547
30	1548
30	1549
30	1550
30	1551
30	1552
30	1553
30	1554
30	1555
30	1556
30	1557
30	1558
30	1559
30	1560
30	1561
30	1562
30	1563
30	1564
30	1565
30	1566
30	1567
30	1568
30	1569
30	1570
30	1571
30	1572
30	1573
30	1574
30	1575
30	1576
30	1577
30	1578
30	1579
30	1580
30	1581
30	1582
30	1583
30	1584
30	1585
30	1586
30	1587
30	1588
30	1589
30	1590
30	1591
30	1592
30	1593
30	1594
30	1595
30	1596
30	1597
30	1598
30	1599
30	1600
30	1601
30	1602
30	1603
30	1604
30	1605
30	1606
30	1607
30	1608
30	1609
30	1610
30	1611
30	1612
30	1613
30	1614
30	1615
30	1616
30	1617
30	1618
30	1619
30	1620
30	1621
30	1622
30	1623
30	1624
30	1625
30	1626
30	1627
30	1628
30	1629
30	1630
30	1631
30	1632
30	1633
30	1634
30	1635
30	1636
30	1637
30	1638
30	1639
30	1640
30	1641
30	1642
30	1643
30	1644
30	1645
30	1646
30	1647
30	1648
30	1649
30	1650
30	1651
30	1652
30	1653
30	1654
30	1655
30	1656
30	1657
30	1658
30	1659
30	1660
30	1661
30	1662
30	1663
30	1664
30	1665
30	1666
30	1667
30	1668
30	1669
30	1670
30	1671
30	1672
30	1673
30	1674
30	1675
30	1676
30	1677
30	1678
30	1679
30	1680
30	1681
30	1682
30	1683
30	1684
30	1685
30	1686
30	1687
30	1688
30	1689
30	1690
30	1691
30	13
30	1692
30	1693
30	1694
30	1695
30	1696
30	1697
30	1698
30	1699
30	1700
30	1701
30	1702
30	1703
30	1704
30	1705
30	1706
30	1707
30	1708
30	1709
30	1710
30	1711
30	1712
30	1713
30	1714
30	1715
30	1716
30	1717
30	1718
30	1719
30	1720
30	1721
30	1722
30	1723
30	1724
30	1725
30	1726
30	1727
30	1728
30	1729
30	1730
30	1731
30	1732
30	1733
30	1734
30	1735
30	1736
30	1737
30	1738
30	1739
30	1740
30	1741
30	1742
30	1743
30	1744
30	1745
30	1746
30	1747
30	1748
30	1749
30	1750
30	1751
30	1752
30	1753
30	1754
30	1755
30	1756
30	1757
30	1758
30	1759
30	1760
30	1761
30	1762
30	1763
30	1764
30	1765
30	1766
30	1767
30	1768
30	1769
30	1770
30	1771
30	1772
30	1773
30	1774
30	1775
30	1776
30	1777
30	1778
30	1779
30	1780
30	1781
30	1782
30	1783
30	1784
30	1785
30	1786
30	1787
30	1788
30	1789
30	1790
30	1791
30	1792
30	1793
30	1794
30	1795
30	1796
30	1797
30	1798
30	1799
30	1800
30	1801
30	1802
30	1803
30	1804
30	1805
30	1806
30	1807
30	1808
30	1809
30	1810
30	1811
30	1812
30	1813
30	1814
30	1815
30	1816
30	1817
30	1818
30	1819
30	1820
30	1821
30	1822
30	1823
30	1824
30	1825
30	1826
30	1827
30	1828
30	1829
30	1830
30	1831
30	1832
30	1833
30	1834
30	1835
30	1836
30	1837
30	1838
30	1839
30	1840
30	1841
30	1842
30	1843
30	1844
30	1845
30	1846
30	1847
30	1848
30	1849
30	1850
30	1851
30	1852
30	1853
30	1854
30	1855
30	1856
30	1857
30	1858
30	1859
30	1860
30	1861
30	1862
30	1863
30	1864
30	1865
30	1866
30	1867
30	1868
30	1869
30	1870
30	1871
30	1872
30	1873
30	1874
30	1875
30	1876
30	1877
30	1878
30	1879
30	1880
30	1881
30	1882
30	1883
30	1884
30	1885
30	1886
30	1887
30	1888
30	1889
30	1890
30	1891
30	1892
30	1893
30	1894
30	1895
30	1896
30	1897
30	1898
30	1899
30	1900
30	1901
30	1902
30	1903
30	1904
30	1905
30	1906
30	1907
30	1908
30	1909
30	1910
30	1911
30	1912
30	1913
30	1914
30	1915
30	1916
30	1917
30	1918
30	1919
30	1920
30	1921
30	1922
30	1923
30	1924
30	1925
30	1926
30	1927
30	1928
30	1929
30	1930
30	1931
30	1932
30	1933
30	1934
30	1935
30	1936
30	1937
30	1938
30	1939
30	1940
30	1941
30	1942
30	1943
30	1944
30	1945
30	1946
30	1947
30	1948
30	1949
30	1950
30	1951
30	1952
30	1953
30	1954
30	1955
30	1956
30	1957
30	1958
30	1959
30	1960
30	1961
30	1962
30	1963
30	1964
30	1965
30	1966
30	1967
30	1968
30	1969
30	1970
30	1971
30	1972
30	1973
30	1974
30	1975
30	1976
30	1977
30	1978
30	1979
30	1980
30	1981
30	1982
30	1983
30	1984
30	1985
30	1986
30	1987
30	1988
30	1989
30	1990
30	1991
30	1992
30	1993
30	1994
30	1995
30	1996
30	1997
30	1998
30	1999
30	2000
30	2001
30	2002
30	2003
30	2004
30	2005
30	2006
30	2007
30	2008
30	2009
30	2010
30	2011
30	2012
30	2013
30	2014
30	2015
30	2016
30	2017
30	2018
30	2019
30	2020
30	2021
30	2022
30	2023
30	2024
30	2025
30	2026
30	2027
30	2028
30	2029
30	2030
30	2031
30	2032
30	2033
30	2034
30	2035
30	2036
30	2037
30	2038
30	2039
30	2040
30	2041
30	2042
30	2043
30	2044
30	2045
30	2046
30	2047
30	2048
30	2049
30	2050
30	2051
30	2052
30	2053
30	2054
30	2055
30	2056
30	2057
30	2058
30	2059
30	2060
30	2061
30	2062
30	2063
30	2064
30	2065
30	2066
30	2067
30	2068
30	2069
30	2070
30	2071
30	2072
30	2073
30	2074
30	2075
30	2076
30	2077
30	2078
30	2079
30	2080
30	2081
30	2082
30	2083
30	2084
30	2085
30	2086
30	2087
30	2088
30	2089
30	2090
30	2091
30	2092
30	2093
30	2094
30	2095
30	2096
30	2097
30	2098
30	2099
30	2100
30	2101
30	2102
30	2103
30	2104
30	2105
30	2106
30	2107
30	2108
30	2109
30	2110
30	2111
30	2112
30	2113
30	2114
30	2115
30	2116
30	2117
30	2118
30	2119
30	2120
30	2121
30	2122
30	2123
30	2124
30	2125
30	2126
30	2127
30	2128
30	2129
30	2130
30	2131
30	2132
30	2133
30	2134
30	2135
30	2136
30	2137
30	2138
30	2139
30	2140
30	2141
30	2142
30	2143
30	2144
30	2145
30	2146
30	2147
30	2148
30	2149
30	2150
30	2151
30	2152
30	2153
30	2154
30	2155
30	2156
30	2157
30	2158
30	2159
30	2160
30	2161
30	2162
30	2163
30	2164
30	2165
30	2166
30	2167
30	2168
30	2169
30	2170
30	2171
30	2172
30	2173
30	2174
30	2175
30	2176
30	2177
30	2178
30	2179
30	2180
30	2181
30	2182
30	2183
30	2184
30	2185
30	2186
30	2187
30	2188
30	2189
30	2190
30	2191
30	2192
30	2193
30	2194
30	2195
30	2196
30	2197
30	2198
30	2199
30	2200
30	2201
30	2202
30	2203
30	2204
30	2205
30	2206
30	2207
30	2208
30	2209
30	2210
30	2211
30	2212
30	2213
30	2214
30	2215
30	2216
30	2217
30	2218
30	2219
30	2220
30	2221
30	2222
30	2223
30	2224
30	2225
30	2226
30	2227
30	2228
30	2229
30	2230
30	2231
30	2232
30	2233
30	2234
30	2235
30	2236
30	2237
30	2238
30	2239
30	2240
30	2241
30	2242
30	2243
30	2244
30	2245
30	2246
30	2247
30	2248
30	2249
30	2250
30	2251
30	2252
30	2253
30	2254
30	2255
30	2256
30	2257
30	2258
30	2259
30	2260
30	2261
30	2262
30	2263
30	2264
30	2265
30	2266
30	2267
30	2268
30	2269
30	2270
30	2271
30	2272
30	2273
30	2274
30	2275
30	2276
30	2277
30	2278
30	2279
30	2280
30	2281
30	2282
30	2283
30	2284
30	2285
30	2286
30	2287
30	2288
30	2289
30	2290
30	2291
30	2292
30	2293
30	2294
30	2295
30	2296
30	2297
30	2298
30	2299
30	2300
30	2301
30	2302
30	2303
30	2304
30	2305
30	2306
30	2307
30	2308
30	2309
30	2310
30	2311
30	2312
30	2313
30	2314
30	2315
30	2316
30	2317
30	2318
30	2319
30	2320
30	2321
30	2322
30	2323
30	2324
30	2325
30	2326
30	2327
30	2328
30	2329
30	2330
30	2331
30	2332
30	2333
30	2334
30	2335
30	2336
30	2337
30	2338
30	2339
30	2340
30	2341
30	2342
30	2343
30	2344
30	2345
30	2346
30	2347
30	2348
30	2349
30	2350
30	2351
30	2352
30	2353
30	2354
31	2355
32	3
33	3
34	2356
34	2357
34	2358
34	17
34	3
34	839
34	5
34	2359
34	1112
34	4
34	2360
34	14
34	2119
34	2361
34	2362
34	2363
35	2364
36	2365
37	10
38	2366